
state={
	id=116
	name="STATE_116"

	history={
		owner = TUN
		add_core_of = TUN
		add_core_of = MLT
		victory_points = {
			12003 5 
		}
		buildings = {
			infrastructure = 3
			air_base = 3
			12003 = {
				naval_base = 3
				coastal_bunker = 1

			}

		}

	}

	provinces={
		20 225 5631 5707 5733 5759 5864 5890 5913 5937 9013 9049 12003 13460 13566 13613 13614 13615 13616 13617 13618 13619 13620 13621 13622 13623 13624 13625 13626 13627 13628 13629 13630 13631 13632 13633 13634 13635 13636 13637 13638 13639 13640 13641 13642 13643 13644 13645 13646 13647 13648 13649 13650 13651 13652 13653 13654 13655 13656 13657 13658 13659 13660 13661 13662 13663 13664 13665 13666 13667 13668 13669 13670 13671 13672 13673 13674 13675 13676 13677 13678 13679 13680 13681 13682 13683 13684 13685 13686 13687 13688 13689 13690 13691 13692 13693 13694 13695 13696 13697 13698 13699 13700 13701 13702 13703 13704 13705 13706 13707 13708 13709 13710 
	}
	manpower=241621
	buildings_max_level_factor=1.000
	state_category=small_island
}
