
state={
	id=177
	name="STATE_177"

	history={
		victory_points = {
			9793 1 
		}
		owner = TUN
		add_core_of = TUN
		buildings = {
			infrastructure = 6
			air_base = 1
			9793 = {
				naval_base = 2

			}
			7114 = {
				naval_base = 1

			}

		}
		add_core_of = SPR

	}

	provinces={
		428 609 1008 5431 5454 5479 5505 5531 5605 5786 5812 5838 5961 5985 6219 6419 6608 6801 7002 7114 7226 8793 8819 8845 8871 8895 8918 8941 9793 9845 13501 13502 13503 13504 13505 13506 13507 13508 13509 13510 13511 13512 13513 13514 13515 13516 13517 13518 13519 13520 13521 13522 13523 13524 13525 13526 13527 13528 13529 13530 13531 13532 13533 13534 13535 13536 13537 13538 13539 13540 13541 13542 13543 13544 13545 13546 13547 13548 13549 13550 13551 13552 13553 13554 13555 13556 13557 13558 13559 13560 13561 13562 13563 13564 13565 13567 13568 13569 13570 13571 13572 13573 13574 13575 13576 13577 13578 13579 13580 13581 13582 13583 13584 13585 13586 13587 13588 13589 13590 13591 13592 13593 13594 13595 13596 13597 13598 13599 13600 13601 13602 13603 13604 13605 13606 13607 13608 13609 13610 13611 13612 13616
	}
	manpower=365500
	buildings_max_level_factor=1.000
	state_category=rural
}
