state={
	id=814
	name="STATE_814" #
	manpower = 1
	state_category = wasteland

	history={
		owner = ITA
		add_core_of = ITA
		buildings = {
			infrastructure = 1
		}

	}

	provinces={
		20 5759 5937 9049 13290 13293 13301 13304 13312 13313 13315 13318 13319 13307 13320 13323 13325 13328 13334 13337 13446 13447 13636 13637 13639 13640 13641 13642 13646 13647 13648 13675 13676 13677 13678 13679 13680 13681 13682 13683 13684 13685 13686 13687 13688 13689 13690 13691 13692 13693 13694 13695 13696 13697 13698 13699 13704 13705 13706 13707 13708 13709 13710 13713
	}
}